65811794,1510812430,1842719411,1571698083,1943866529,357055132,1031023631,650943729,157673360,1858267997,844547581,315889717,325897979,10009815,1940556178,483065551,1643210290,2006389629,286346124,773568157,
1497894119,184686774,401998991,2060778513,2117594690,662917510,121090954,1999131118,1621733139,1042462171,1583137848,977105567,847088927,1496167030,1063197635,1455766836,1098572187,1400643444,1606487427,866400250,
1530402999,557438329,287152611,1043620533,1870221393,484191096,921336164,1168093820,2046095306,1104496416,1825084860,1062220082,852536054,898353638,245871382,218651292,715031085,750519467,1145842557,1166405924,
1783132542,542145547,680640083,2050696233,1649582339,1267869506,1211405819,2068677121,1246169168,183333818,1813628311,1145556876,2115671813,84916021,975347947,1466138486,319493251,2020694675,2041213024,77603592,
1089865915,1746642753,604250917,279629484,1134305314,272482622,231063920,595397627,2110364865,210958283,1971945698,1329238916,504596072,1079326383,875068681,785295388,1256352771,337183268,1601254911,1555926493,
1694410756,1176307553,1662785327,992753341,1105148416,1139665861,1046636600,1441259211,280717142,157263005,322972138,131658247,2012247305,1936212370,86999405,1919432159,1456467119,33338290,1211396992,1284689986,
125828739,21936921,1484378591,1616471651,1012839061,559138107,1118592190,1501572364,896645921,753870289,1942960755,1809409180,267901436,1830204510,1016399664,120674975,1900931882,242186333,2054872813,990554888,
237553293,567324169,471262052,1581980429,684083896,2088111560,73523254,1248135071,525009634,1343152181,2052837163,1544487301,606534134,1944455369,157621911,215666964,204696775,2008535333,790805464,1251392397,
1650732385,286056190,1138820091,519537683,981641595,700341925,1246354558,1228358215,815113736,1480461362,1023694384,1539098754,2021122540,821912909,9985077,1528886190,30470604,1853484440,1943474470,1436737217,
457623294,799608764,288398421,535925720,1500738464,2036122895,1911179565,1036088556,840031684,2137181663,221510328,999110195,1796027337,674423902,650777915,516285461,1388975045,1989997609,859906044,1748176585,
1748858910,1722744950,225083684,16504204,223648568,2124088026,1016452543,929246078,1307714632,1818209461,1827178463,273502233,1551372103,570135867,163407073,600446286,1603985923,1117847071,2014844359,884944190,
2066866255,1817770206,282360772,1208441233,1610682715,1969706661,628626135,965670519,1479870494,405630175,1200331919,1405352761,2090172655,1910528095,1397060844,515320443,2020804148,549980455,2133922662,841862160,
1227157041,411500755,696670727,71232122,1957700610,1522486693,1227584691,1116515837,386157988,1055386670,772156040,1180307294,1564737837,904812949,2121114464,88521789,1676008220,1207091335,609993587,1560192780,
843540427,1084869307,1821204250,893934763,296219137,408273184,506636462,1630853538,1167091876,1819886758,2001033871,1868904698,294563211,2130741670,238042945,1040594616,1191034738,1900191727,759945648,1189552119,
712593671,814412142,1106120596,177302177,1790082849,2087960953,1669781487,2015350473,46430224,786241208,1570901939,1449614248,201524751,509090224,1640412802,1332912691,464129750,1695912429,1311634829,1358344021,
1727281740,543607756,139489949,1424699342,1963987546,1649070307,611225904,678082472,2102267355,469138701,362832827,1511376721,500635823,1952750101,1858350863,1141033050,2070039279,1231277054,1475248598,695131083,
98148666,1860876268,1810694716,428274720,1942530094,341274547,505230250,1281250533,2079141107,675662843,1550489261,1293890025,275850481,175701772,668706037,643024930,1532370594,714033724,1170951034,242346525,
1653452161,914055154,618964153,20486687,155149089,1001233494,760272157,1032776670,1240729435,1779424919,123931512,420284373,65462688,991522008,629983152,1305201224,2142831981,1575808184,94677367,975509460,
1783608284,1648958076,78391602,475439537,652608598,1739950300,593804539,521827208,208348774,928994151,927665090,65291499,1632218793,1378766227,2065100942,1764239477,1086947554,2019154021,1707683809,1585369728,
1166346538,617425081,1136386362,1329942908,1845728836,1872586799,137932468,1645851122,915785486,1548794546,937962700,1978902550,1798184212,22794918,253733952,1412430082,71231039,1051483565,247924754,1263992213,
331861931,1408316438,1969623468,1951545575,1724945302,288740580,671178013,1087020135,682841203,1005934710,1642614657,891859860,1475368735,144810968,1603432831,1288278356,1491988011,257836709,1967663085,1729034484,
2099415127,1325075862,917705870,1168039101,299103264,833680300,2058649851,1460530223,1341524593,1952758774,455366047,1592953821,2145653365,232594943,1887518427,412692709,1792233612,202313432,373473867,1642641929,
1980912219,1224822973,1065887264,940900463,1620027902,393286503,292236460,422017521,1121708633,1140068078,2120992253,1875470114,1208342156,913384280,626653600,1605936862,1332532868,992962,1207265927,679995789,
739566254,1539976233,374208261,1264360948,1044920519,777661653,2045187829,317231543,1535527888,26910308,785889787,142794607,470057245,382803823,599427042,2107860068,595356811,178914523,526288165,800954343,
365714897,539242942,48643465,959135311,1378496752,563233771,1619244775,572854670,242578372,250461980,610373128,1481578863,1991578301,2140766395,1387118505,1405095278,1411243687,368797261,557891485,1900460595,
776101284,296333435,1965269010,1487275181,627145020,132598975,1851927275,707773639,1834007435,1920126887,323088205,187716042,643296664,1692305865,1564828982,1470118479,396298438,627360068,779249991,925843935,
1521257828,504478190,910520994,1133731369,1610707039,1724765727,934216942,1605897695,859894295,988592665,1116668023,1452671789,1420152910,1108016147,1534694003,1925233622,988505405,315788000,776709983,1421295853,
728262081,1867945281,928047496,257878062,1862406323,146430916,1637561766,727879927,1425654101,1063450454,1204580259,1763604198,1434711783,615169644,1226047865,1827165200,347538266,328045258,984063544,1283796186,
1808839452,162529775,77808423,169459576,1446338578,236438045,270889219,1450717440,369099172,495629832,365328227,570241578,950135793,1181892891,458609723,299398566,1208619043,1106466401,1815529855,1530917402,
1261875166,1648905238,2028301023,1682639287,923899346,1039146443,440370609,715805047,1025901936,2090297136,4252909,2093109749,2051060666,1750729089,135828305,763050984,1316830002,1086377360,49601957,1409100349,
533306612,1263391851,800978713,1445997521,513769696,270633129,1649623498,1087434440,1539049199,1390842454,1088249187,366905229,135928743,1834889080,461848032,666070374,461398441,675140414,110275694,1810065074,
280158824,1093619140,1717613679,1721351874,1911150580,474965637,114073241,1498333010,263324148,1494971230,1665154110,1273038755,2096109491,2096961083,357721254,487521078,193464657,1093397344,413968024,680927782,
390193689,1494192726,2055426040,1501689123,1930509811,1313414000,691735946,1678847751,1560372208,380732409,1477018836,1404067350,1037514755,1468762875,915565090,1618611927,1142642127,1384237230,601404579,1612221065,
701613723,963547772,1450422961,2104148804,1170859107,1140446637,1676795950,1217243054,1011358728,1316074164,1389330697,394573910,1475633319,1585791765,1267016160,38820016,1586708998,223712241,638730432,158201261,
977057835,357007152,1948942343,1797635062,1721947655,1975627081,1089463659,1816868806,1672197456,170699185,738903827,2010241122,373624172,1623167965,655894755,594276661,722274185,125998838,871459797,1174041228,
458424777,723055129,1415336323,545076202,355210139,1844902727,1314944449,1595361801,1577207077,71640816,602898534,1127776878,155356125,1064812055,719286572,699711143,1908194871,1966312737,529172397,1092847908,
84529272,571635008,115239309,166583728,1207946410,1860135543,744245431,529907594,1191188392,479201353,1336273855,161666852,1407432025,1631225602,2144311911,2077815159,1183997433,1764326305,653070397,210819841,
537679507,2140892256,508540770,584691804,922492555,156427234,1708035429,336617084,1877222487,1887194360,1649685581,1400679557,986567502,1211728144,401985974,1776208199,1612868761,855085883,706575890,1951266391,
1529560390,271712730,1794975249,821594827,431874939,84875492,1319821339,115287953,1190294727,1643376341,873846778,1462277996,227309460,174786102,1855132309,952726669,1394393529,1528774086,2016635863,831671754,
1441885740,1541232962,1669877935,468231549,785005525,204016854,1360189232,840614908,1192937341,77010208,1769010904,1292105648,982069989,1684833757,462865133,456555732,1701767923,1117526322,303933699,565831372,
1938448135,901573017,303158683,1665172767,1827380076,614637670,415629542,1545854483,1754454251,1064682229,1329071527,404748516,1264006009,1479239794,76858422,1548145056,933026320,1403404869,881849248,127987874,
1782917531,658473240,1236050668,1426440105,540558602,2140455046,1365068920,948295316,1695472774,1172357985,1009679746,736827836,1205597630,729246368,756888516,1542857710,1241622368,601485540,820654902,1623070211,
1652087204,1675564197,1120777719,1318028830,1294155266,3898109,327350342,595126402,180342788,1911633169,140067498,67005453,1577931061,2020733464,166736946,483714133,850088505,237897737,262090455,1336081246,
1635875574,1032002789,1902372861,1598129397,905831408,1411373726,615661336,1751608748,1651929779,2124330915,415210604,2075877233,1032211305,737181193,1191590380,1166857677,1702857099,1892670295,417388612,1335360439,
1260032436,562160366,2036695538,97733906,613379730,675024147,187571855,1308333514,1935330037,390519963,648525868,2046986374,1480014602,939324722,585987287,1229833994,2070718113,1840843847,1061316157,662165037,
1453508265,1111604888,1443721577,379721585,1174456254,384365653,1038921899,654213700,934495193,1258626547,1311363476,1319728850,873653542,541406096,1873744157,668443781,1488528371,1011155198,1253349351,1835114010,
1526051268,55961711,769136797,376853857,158221187,457762235,1900851829,592926865,844860628,147405904,779041238,1913998149,1592876679,1931729334,1097541908,1357952279,573372967,936253117,702454614,1005248472,
547605679,1899962694,2091897753,1574182761,555606620,777648300,1387065805,509639993,2112521630,492472013,1429641245,1814126939,1645386536,1435959224,2118148684,1918006082,989031719,1997492725,394146107,1221692444,
1602598799,811012459,1673751687,603796681,1170204560,394454770,1300855887,1882376567,1765777447,601718,6610195,685571292,735426002,1050021316,84168631,118822158,835777372,793636340,2118895527,996465666,
873929174,1870520691,1918163222,1188879775,912305574,1474830508,1840810335,1762798974,1868776121,1901291347,513966988,206605889,1014962644,1416010830,904647412,721515661,1707081992,751226432,654009854,2123759525,
114198852,478424754,1569504004,1086955940,485344004,2026067424,1323383124,494195031,1249039399,769308958,677828688,1493352373,275175647,1953553893,1218893493,1938991867,1549312450,2032563071,175727608,981272936,
1374355709,228597066,438779340,721315218,2122676391,922113964,376464321,483223140,1826110515,1196327315,1820271366,1476336821,717330176,625390759,1472257103,779374725,1303505419,1015985679,1636959697,2008819670,
822907588,35842525,1992362858,1787044133,1515662590,952292119,977522398,1576205187,2104345087,504056419,389392957,1464583765,378115767,246756686,745535072,512750244,1506896654,461121593,401422225,321576994,
595926102,482147552,1070019146,1704918970,96713952,1603471240,874662422,877938130,545936042,616248517,1692183701,698959392,117083958,1517222373,92138139,1944318758,1834742389,1264427517,969654647,842308427,
582937314,612966797,129168976,1682791832,248554668,850672338,335496619,230289419,23550475,2028100777,80447754,247935387,2025461428,952518171,1858294959,1208459722,305397863,1384323209,996241279,1123645408,
1199724198,1802773109,1248503553,2074391497,1593670528,1718242538,505061765,668148365,2130737035,1066579338,1475375201,912912487,474450671,1504223026,1038271575,873202309,858095007,164463435,18859539,455471708,
1667793059,1845800368,1182446799,544744612,306352785,477916471,1969851673,801183223,697727259,1847952094,1863784877,636589826,533299649,1178212756,1605496956,1626755685,801856423,1692414113,1592196558,1815975469,
159939713,967312050,1233018755,1918237419,1418764970,568693637,1199272565,1995580017,1619142229,661466669,1947014137,1390897192,1642327002,950877699,1562982789,419495185,564324658,136088617,402595947,610175318,
646271102,85625788,1604155331,120393100,1639223745,1011875477,140379751,746216840,1663075759,1408818364,318664472,89075419,454112157,1172637803,635819199,1707169003,1356973207,336328890,1544634573,1643078831,
179721616,1843930347,1671220675,1987090950,1210546868,1863424596,670939086,2136438965,1031366106,794543845,1440847242,2048082683,1394721301,1488003669,1651055335,149159891,1698592362,933756910,1631119401,1138125510,
1095803291,66482929,2059470601,653838186,1228030242,975163303,507762681,223294075,502404409,1184166661,1538216325,194882195,589853718,883497723,1818727381,1728555657,1016127029,1003469145,1037038159,224972644,
2136950221,406080350,1959769433,902276091,1678056292,2005131231,1759639100,905661482,990466430,273716753,194254628,288254386,2035788145,1282539251,1154251075,754267310,153008980,1640622938,1827353366,1976721838,
1763265302,260296858,233875648,1072041842,1947638954,148737486,1215432850,1857787461,1860082016,1550515141,375508396,1935586035,642365519,1681019273,1689422525,531507048,1068612591,781584269,935091941,149523174,
1507817155,1382122354,1630639804,1935254498,90892595,605582966,2004163436,961430908,742795895,880638074,1030582777,505563802,100708016,1992493486,1637428385,170256544,811047953,1218626779,1331023967,668545997,
1124139322,575220812,1142444169,560222005,2104155813,1145117530,1004954265,1146643030,1384387897,1290831507,1053953032,1226575450,548695036,2120799366,1353509974,1821883625,738852582,1525135662,180282663,2036449959,
1098221776,1460280825,1294197383,1735389009,550771339,453066867,1823384910,903071087,2006708493,1488114068,1055560095,1121989559,946552007,909082530,2117378954,1475037694,1200802834,1459090628,201575377,608961499,
790866631,2042557477,1367021256,2128339674,1831201005,72867777,576986966,1338356314,1569708685,921407695,1926656024,1365667588,444088994,654445771,70816932,1411050472,1559427885,1225670943,1829879018,94662454,
254725221,881954669,208598199,1794646165,1306805514,1581225084,999100755,1047577379,1863353818,828847036,1328060235,1377293578,997462557,1559007607,2137455177,1035128507,108844891,955270551,1709226271,739433418,
776191534,863678734,1527379938,779159398,909719090,281477093,1194285619,1426486899,539053848,95945189,160890777,1630529862,255267034,423207900,2117182474,149249788,567797001,108295052,499517065,1086477431,
974324546,1382365238,767612904,1055439095,705032895,1514228158,1307939759,89150033,489575177,95481979,1203815701,926280398,753548747,586397597,1363302955,1056522914,1331934146,1880570939,1089390360,1701732102,
1245226705,1244111609,329243519,957772021,1148736305,172588626,1304054781,612248960,254261702,1268748168,1829441998,1925386703,1133129100,1079733285,1557127823,1973333173,525872,520008236,303047198,2028906478,
517777851,323163361,270520477,1981934328,1440104297,1928997938,570168982,1373557131,1334082968,991596737,1699295544,893128629,425272540,851340943,154378432,1638235542,110352943,1907382342,309500659,614442166,
108802630,1223017763,1682432967,984647934,2022170623,294863742,1421430306,73516890,1740118005,1107102199,713180858,758629352,517495606,778514751,159378203,1681605085,1652161292,1395884160,616582855,468606709,
1722468344,938432106,1812312183,568036500,2056945085,1618139355,395870592,603766910,1120509592,433796394,885997905,765638448,1679134605,1740397329,232869657,31965657,1512105948,520305716,545911685,1421294072,
257164691,910703186,1523778727,1286231187,320936253,660737543,271754738,1494003473,897055416,2122584123,958252642,602312629,126433572,2092396587,73998008,1032876983,121436151,1286438930,1584173539,1169368320,
2067352366,1113711219,704180602,1582379394,35447966,1919287814,1894664294,740965939,1137575017,563863101,96529821,840322980,1418378891,1346164337,111001865,1384038978,635881364,1810480558,172102791,1820085287,
590617200,1724653847,874636042,352125598,135719266,2049264376,20912096,625671474,1851419663,1336290407,859752461,1190908017,2057518263,255063957,938827731,727366210,1198855806,686806198,1324410451,358808032,
1984751336,2048179083,1150851405,1056796018,2087535716,488971144,225133316,470560585,1535802367,462593191,131714109,427855029,1457817657,52749001,2119281765,937644164,649093877,1351146948,1029896658,1694300952,
186074249,423677965,631766050,390799908,2091483638,306566659,38814400,424268291,1930157105,414078934,839868805,1441491637,654389920,1664708626,818910586,411505270,937405088,1297477836,118141884,279803901,
1293909571,1455182183,1278207097,1599422030,337822743,10317571,572705814,1380715580,867738145,794601860,2026431603,711907711,1733524969,1550485306,65267782,8106861,177265583,800958770,524571300,351851353,
1672134331,1983543832,197989534,223379589,1406500050,1320591815,1660011272,1753143236,881465029,1892411247,543858261,539374257,929843235,134138978,2129524382,556828805,352100366,360171899,183799233,753910425,
532288811,2136127787,1845934502,110403193,1792779955,1828100129,535439517,141776801,1283570855,480274070,1969506787,713487063,474487072,971936818,608402500,1939318052,463228100,744947870,1109476570,636907632,
2051653716,1179138727,1492250611,1468510137,510362979,1746356235,1176116753,74968304,1149583394,921034724,881385226,1178224,772250710,383885742,1616715088,2103634460,1998184298,268137207,352795467,155720723,
256461216,939445666,566486242,1523400467,1155012707,1055090903,433796889,1896070247,1525750713,1545619083,643792853,1146792334,1428287700,1559089063,1616443322,1284897130,1162679239,2085963992,142604341,225789729,
367401558,1900448242,184373141,109458580,199068134,961643009,1648391508,606336634,793172627,1051701742,1307934836,1071990808,1050302817,2124572619,648077829,1330880671,1738390410,611132603,830801347,2086282274,
1301894389,167786369,1398151900,285764146,195888072,1214133667,1426220750,531420184,989266708,1334287674,412722287,982240430,938473135,585271641,994316550,1999956954,201499167,541655832,341961111,239900584,
756735154,466032956,192297533,288382211,332297387,1497008260,579600815,751163920,721146775,840457875,930269925,2141697063,1952798141,892969333,195034835,2137109359,571303603,659989967,584339540,1411694101,
990287117,627662248,133743650,1575816489,1697378097,1495894478,874313474,622892309,1189681990,1339709414,490234877,1221671866,1644084299,1531942676,728403144,1169036841,958846532,84495682,1343358533,1139312634,
1204159374,2116491025,810584866,59096653,2140237140,560028762,2089965215,593666139,1767807258,1020068704,1116809582,1060630455,592526711,1754197140,1664055987,1976431143,275541983,275718403,395212587,99262233,
1599053214,1963998560,420057192,603646660,1690100193,1561215914,1886158394,2074568924,562916079,1460706681,233092138,1628315889,2081538165,378386667,452816160,1625230949,2108087550,1916488229,1116049188,448161288,
463875201,1535957896,431016257,1298619218,1038459412,315815538,372862342,1125891900,769537727,371707566,1558096166,1591243451,727860075,251329145,1114823871,196888282,1806845946,962355506,166196919,265192563,
1423298928,431958685,797168067,2047604105,981946702,1819285715,46446978,959769157,249354239,839341770,1168004933,608981899,1145357420,1683252605,985229554,1583328569,529308330,1346597304,962905086,1588662780,
1486443475,1302723714,1661748887,1482191566,39557362,574447654,326269156,780569616,863992600,8674272,481542244,1013174847,1887328907,1159557153,1449535347,2058301526,1446170398,1109292415,571923179,1969492417,
1559856028,38697020,790011879,644665849,887559774,376537714,1176019875,2002668480,1523200252,479108824,112928639,218817019,347220256,391577139,868723490,939981863,1856347254,924436827,519067323,849252473,
305764799,1822345704,204113763,786101654,485558533,1366995834,329416607,1873925612,1792353513,1536325538,1438801409,183090859,397604632,925871729,923180013,1666081892,1190586844,1927200154,729577081,202790716,
1197383887,451938374,938132334,276660428,1841982122,444600693,921425004,20145561,75152955,1644108556,1657219625,972145707,1998279797,1173318527,1136908762,1409272780,927240609,1687815195,303605418,1345307871,
1102385075,829174256,548204903,1202234586,898644919,489489242,179159100,472557537,697047146,1910524972,195838105,504736256,507992037,1755153016,212813103,971610629,841096820,830168572,376922647,1004863480,
486989958,378913836,1380804882,1953182008,381021628,969026263,1093478379,446393396,1870486308,425671545,152726265,630961602,1928339071,1718559006,812481,1680732703,961170622,695765742,188466104,1658016644,
2078117260,1260457305,2061615909,1923733601,708834821,699673567,968547365,2012295993,170433668,947189116,319133128,576722457,906516377,88915375,1499351897,13138870,60963354,1674058790,518177724,1821976610,
458128976,570162440,932486383,1379154731,55292498,1065298910,1344253362,477515344,1001199472,1421959967,622436163,1506228321,1949451974,273648214,1671569731,524628146,1287867632,279276786,2046388,615295995,
