282666974,1080074641,1451648037,657855059,139229840,444767325,1119398936,52243088,1105984622,759465441,860039081,1047607641,1051285437,963762911,996219315,791335554,1396390992,1023816488,636523622,74982782,
724879039,1079660877,567546900,999645542,1624891719,529349487,1838595224,1302337304,1570936894,1288490803,72794979,1474517884,977599536,296116946,1986539556,452234210,1019005851,1581196621,1423621651,1733604999,
818003524,1046286269,581978075,508086583,1997597749,144988616,1572718626,1264240652,796617299,1366983472,1384618166,1620602452,1886639775,1337926789,1250572885,692566929,242626057,1058789627,1575718681,311430809,
2042684908,1563407190,1965363582,933138654,1057743659,1903153154,729166353,1362547656,131696870,576566847,1752606136,1670160958,843561176,1053645433,949161624,248653892,1519009616,444576693,1044056486,1194701502,
789955785,1064564264,1185827534,1513908563,328859432,1210098914,642191801,1973126253,937131155,1399245991,1937432895,1829216604,568918505,883218910,36635497,285865626,481171169,1710463907,1225589793,988105257,
472119746,661595639,282848376,1964026905,1761334460,1033266455,1294313620,854333222,842051298,2103923690,708616757,1966291326,18690757,1812653971,1168914914,2104805279,1008272558,12771879,64972980,1301863263,
2112029303,998039160,1257469118,1063715077,551118598,1544619792,1675706903,1663349909,567700327,1122503226,1460038279,1307521322,1461165957,1118502201,138405322,1417647227,629134469,483983516,1272622211,1136031871,
493294272,734631849,1564172224,633095469,229225818,283100406,1759813414,315989085,928998787,77667864,1712609209,2086625738,1211387722,1495607410,1529541962,2094793017,6982169,151286063,2014576766,1907602610,
1773096657,179565130,2039894902,1281600749,2093954435,19953354,409644832,1970544073,395203783,136761356,1507466010,1103843573,1025293501,1988152888,1913788990,317980849,1886218142,1267469782,955473358,1590647983,
1740462590,133090425,1904230717,655309587,494554272,1030755993,886765720,450566042,269736437,1650180223,546831247,894083798,632801587,1008712793,195548964,202032023,707375375,2143780717,1575235567,246287462,
493866006,1733511274,2130599691,922208043,1704097965,867449050,2127213473,1694554350,1640595107,965956532,424280847,25681850,164222064,840471311,1426313652,825363614,974667277,1908958960,1692270170,857234381,
300990319,694226756,1816361537,64285925,1981316257,1283875561,733624260,2122210636,1030701437,924956134,631314859,1790650039,1911524102,230994108,290540812,1215636420,379554917,1916340948,451614686,248872135,
1315129727,1624521239,1179436571,926113442,273121583,2084915613,1823670161,161742286,626966821,495200637,955019334,369133430,1313185114,124578243,1249856902,832488130,276342063,243692159,2067653003,969098289,
1970688033,2090560250,623896519,1092629791,2026945579,1715806724,587801552,1503777126,2054600633,1903389033,272776424,1132059937,1564029252,611939970,636454952,955085964,1451869838,1683421671,1598163785,536655879,
88132988,1207287874,651797007,229766713,1300549771,1074220606,156487763,1792939601,1968380144,1160972703,1349610155,1096950888,122191953,2004656492,1298522040,1476526595,1774412825,1532200775,856001547,2134531252,
720057468,498559965,1983193780,1137978591,607631623,107663480,718460009,2115116698,1767490786,879484849,1978826576,1115186862,1888007334,1996283715,374395241,292922811,2027139029,126397692,1576396699,96181111,
1942702074,600103116,448697177,1342213143,1783082846,1253707264,2005668081,776886726,433676644,1005886856,1607243889,51541074,2100672130,1361714036,2005652278,1156702438,1263435228,1967006078,165732370,504806386,
643520126,517957824,1862283289,610318119,2139955766,1779928198,1293035017,699938206,1628408844,1044047934,936641107,215730200,1006779488,2043355788,966215114,1635380064,450032798,859182970,755782887,1852115661,
595291295,1560540109,1560790455,944629988,339307423,421688178,46031457,785428506,1577400023,1722307863,40536664,316870070,1911689143,1858811095,177093657,1291180245,1533418434,838017037,1034924449,1149429639,
1817358341,1341805642,505616751,1114100759,1072405045,1272757089,97687089,1031312488,325820772,1518458527,1235111694,1765860731,752752736,923069208,1803614863,1612295437,2034826152,1074422044,616689195,1940362077,
194032908,2121165001,2026134637,464140044,1134968544,218633658,303303620,785874204,195166428,1685930973,2026532839,980721435,704209043,2018948963,1475063778,1536604505,581083022,415828432,1300873922,1116650324,
1012547845,505288242,938765529,1512094773,217502009,1081325166,329222063,1592055155,2070644849,1539294133,1314233989,1068483990,359129999,30829590,593725831,4439318,1225387085,430903086,441078157,669898594,
1115327257,762639354,13584014,1144709628,220650635,724847053,513200802,884356033,1983849599,189335133,41235377,835679814,299079892,188502775,149480893,850420575,250666432,1150704339,1650796490,35231929,
354528717,544566402,1137681766,1097712551,744015731,1469612163,175828696,1963230970,1595791955,1511675638,1066928617,701668616,1737084430,2071690856,1077151049,545970127,1305107648,1642902989,452663456,1035190580,
137009948,1479555979,1523153715,988265828,1084074021,1325382578,623557422,800174427,337796743,1993191242,1760231316,374755203,413827472,940842694,2003451584,1249528948,2082308046,1414519188,437785494,1595399642,
573998405,996562134,486505292,1253705077,553596749,161841962,1647601102,714754617,807670790,217061285,1827250899,1596301717,2079657850,152946143,613700986,146238161,2033494093,1530802472,1500166304,1982168720,
1417760291,40262873,1046388161,237401205,1657312142,1578864581,235974791,147546338,628180402,325827789,113256692,962096348,1415652216,695378578,1032533545,2128333322,458526315,93058118,1309608913,555263196,
1925852978,1776680348,2101025837,399759049,1957308330,1940739038,194619580,241842864,963644576,2143372828,2097705862,2029299040,2107146536,1458167426,1149172485,2033951795,1409740188,222915,1319914161,410862549,
1722117173,480281009,1150093863,1504264482,1514710335,2053311471,1211831541,979117614,1333982460,299701694,79856900,1571288414,590206232,2119067635,1516026274,314647731,212214723,489170441,296781099,1427163943,
1286046320,939999059,1933527892,1729692208,1878828586,1894744394,1855552020,203857249,1350439822,572275972,1005676336,773552688,850813033,366514630,1355431009,1456392658,245019886,782274224,644955171,1001707330,
129492628,1701674390,558516509,1020652385,413148810,1990379760,1599945256,1974735160,1542118872,1253445351,2040538365,163159129,1113059604,1837372303,1188260224,1648784227,1531004349,1601004596,1258743715,2022719651,
102302519,1223728589,413952504,426363607,1994434915,1101359246,236056279,1321719823,736933594,1163549337,1692342824,1050549421,1653225671,1187582932,995867086,1989466251,1440169566,704054486,1702487729,675275835,
1291110909,2114876154,1685908582,201986153,457734621,1851943830,540983676,1041488221,2020459124,1166637126,254311013,1441960093,962212971,656803425,378454271,1621966512,1320544311,170955662,1927936702,1302765309,
220252502,1703334255,250767224,1467463633,347020072,608440954,1822630605,657764479,284373352,35287529,1076597297,1397598113,1046085,514410696,1636133272,1029139325,1831827489,1489281579,1449005244,128194179,
586307813,418021506,1709495054,1523692019,1486919935,1339942405,1870390327,880091292,1722931193,1487712841,1256252233,350860223,72008887,459572981,1153574535,926018578,690952013,143394190,947960269,1222379744,
570625659,137943149,1135843742,1495607118,2100103878,259004627,813651144,1346360248,1020756275,981845011,1503518390,365891385,270344099,1552486893,1084554322,645196618,367828166,764845563,693523860,2078539137,
1297042877,2034660932,1244321196,55905659,135609168,1786462447,1266394056,397835989,1773768,733530898,373661314,1568741716,403299947,1442542247,371778538,100004133,1949714834,1894710687,1989447723,1489195326,
1321493608,628789265,967277788,1640671714,1695483713,402690955,1792109285,1528800580,1193616788,2106360201,1145872652,964207683,1922906263,1268097796,868133147,1565197652,2007398774,1948055329,1481602480,282179454,
1270957359,1625133834,1576065697,157465470,881042445,724167898,184869385,954225930,1273269950,1342546866,632301556,1557974578,777530131,2016573161,93193890,1750322915,1798363732,1264598624,533659004,1221225094,
1289524030,261805555,329669777,139929029,374579611,2140016139,1374871242,900028014,889554299,1919341392,1440644274,362504048,1281510420,538566524,1466720732,1577151233,225074228,1741382987,1227919088,1165911266,
1058295902,18368910,1448825430,630920890,729290889,456694623,1182491006,1398237343,589839729,528227695,1669070025,1750853556,1066778519,178049659,17901591,1913771244,1684581340,519085789,26911214,923672045,
1442783158,1203908927,1680270147,1516225039,174462732,1831502954,743051753,362300803,364576180,717712444,2073128851,1307374737,1218092678,1740685240,1411018631,280615161,246524445,1926550072,1423785186,739992443,
1984737066,314445245,1563237250,1734470515,596180596,1968087143,2054008211,1559381660,2462832,591154944,262326202,232315637,730514040,1659215538,1391533527,1661512896,1326510508,1517987801,2080420475,2132150951,
1283094882,1426523123,1276547814,1431607802,496640842,1795123380,474614203,582657299,1138726691,1162650167,1209143874,1441246683,1184663572,1651949134,1965717082,71984741,1659444648,1135500026,1243390201,1388466615,
1035711081,1478437366,690933601,844852906,1605345815,928373614,1455221474,2047241959,465076614,1756676557,1386804550,1519787025,1379580433,823500979,1766167004,1257417985,1985487550,1441544454,259773732,427683116,
995021040,1436828704,1083581716,288307233,489814723,1890496550,1957467141,2065460015,1319658760,685576056,432783421,1611992868,1247377117,1248283972,506847769,1405557808,1776921831,174512437,942559959,1337514471,
1601750574,47422538,1111127550,1717140837,622830742,2135042241,1447530346,1302480779,1704033014,1692907313,357806072,1062995304,1097040599,1927258807,1286636234,1194914996,926421963,1719088712,1750689079,1118908022,
1706923623,1837088038,1606603602,1276107205,46099678,57927790,916443925,595691691,437160763,1421654989,1039837227,39338277,728308026,1454592851,1581824599,1547686983,1130633156,641725536,1165375620,1743078780,
2119148550,1061944251,1927586409,1052648427,213783085,1002658497,664797912,1581832182,828357056,1388017082,88163492,1517094620,585690521,178279751,1991289901,1756581502,945109377,1361460472,1507991434,1090370367,
2041749351,2018302202,290817873,1314814468,626077245,1243763949,1514156549,532703322,1952377968,1212665300,1030276125,74269879,138260481,496873766,328064685,909598937,1121984069,1461041921,323503795,1447614539,
